image_width: 1280
image_height: 720
camera_name: head_camera
camera_matrix:
  rows: 3
  cols: 3
  data: [1001.392396, 0.000000, 649.839058, 0.000000, 1001.880199, 331.576680, 0.000000, 0.000000, 1.000000]
distortion_model: plumb_bob
distortion_coefficients:
  rows: 1
  cols: 5
  data: [0.005956, -0.051119, -0.000701, 0.000105, 0.000000]
rectification_matrix:
  rows: 3
  cols: 3
  data: [1.000000, 0.000000, 0.000000, 0.000000, 1.000000, 0.000000, 0.000000, 0.000000, 1.000000]
projection_matrix:
  rows: 3
  cols: 4
  data: [995.018921, 0.000000, 650.285037, 0.000000, 0.000000, 1001.632629, 331.251771, 0.000000, 0.000000, 0.000000, 1.000000, 0.000000]
