# oST version 5.0 parameters


[image]

width
1280

height
720

[narrow_stereo]

camera matrix
1001.392396 0.000000 649.839058
0.000000 1001.880199 331.576680
0.000000 0.000000 1.000000

distortion
0.005956 -0.051119 -0.000701 0.000105 0.000000

rectification
1.000000 0.000000 0.000000
0.000000 1.000000 0.000000
0.000000 0.000000 1.000000

projection
995.018921 0.000000 650.285037 0.000000
0.000000 1001.632629 331.251771 0.000000
0.000000 0.000000 1.000000 0.000000

